# Created by Octave 3.2.4, Thu Jul 24 18:09:09 2014 Московское время (зима) <unknown@unknown>
# name: x
# type: matrix
# rows: 1
# columns: 6
 1 2 3 4 5 6
